Adam: [38.54701951 -77.40884837]
Adam: [37.54487196 -77.454042]
Adam: [37.5444342 -77.4510957]
Josh: [37.43343225 -77.71885158]
Josh: [37.39923519 -78.16780844]
Josh: [37.39181929 -78.26135833]
Pratham: [37.48365326 -77.78843179]
Pratham: [38.67804942 -77.50214771]
Pratham: [39.41875386 -77.45305425]
Satyaki: [39.42134974 -77.45082053]
Satyaki: [39.41973721 -77.45336945]
Satyaki: [39.42268515 -77.45395129]
Smit: [38.70233413 -77.14598613]
Smit: [37.54849447 -77.45480097]
Smit: [37.54711065 -77.45456483]